[0]cost:[0 ; 0, 0, 0, 0, 0, 0, 0, 0, 0, 0, 0, 0] , d:[0.356741 ; 0, 0, 0, 0, 0, 0, 0, 0, 0, 0, 0, 0.996101] , C:[0 ; 0, 0, 0, 0, 0, 0, 0, 0, 0, 0, 0, 0] ,v_coll[i]=0
[1]cost:[0 ; 0, 0, 0, 0, 0, 0, 0, 0, 0, 0, 0, 0] , d:[0.329522 ; 0, -0.00739105, 0, -0.00335921, 0, 0.00739049, 0, 0.00335921, 0, 0.000425883, 0.0205844, 0.994911] , C:[0 ; 0, 0, 0, 0, 0, 0, 0, 0, 0, 0, 0, 0] ,v_coll[i]=0
[2]cost:[0 ; 0, 0, 0, 0, 0, 0, 0, 0, 0, 0, 0, 0] , d:[0.303288 ; 0, -0.0142222, 0, -0.00646483, 0, 0.014223, 0, 0.00646483, 0, 0.00170353, 0.0411688, 0.994912] , C:[0 ; 0, 0, 0, 0, 0, 0, 0, 0, 0, 0, 0, 0] ,v_coll[i]=0
[3]cost:[0 ; 0, 0, 0, 0, 0, 0, 0, 0, 0, 0, 0, 0] , d:[0.278154 ; 0, -0.0204593, 0, -0.00929966, 0, 0.0204599, 0, 0.00929966, 0, 0.0038259, 0.0616394, 0.99308] , C:[0 ; 0, 0, 0, 0, 0, 0, 0, 0, 0, 0, 0, 0] ,v_coll[i]=0
[4]cost:[0 ; 0, 0, 0, 0, 0, 0, 0, 0, 0, 0, 0, 0] , d:[0.253983 ; 0, -0.0261659, 0, -0.0118932, 0, 0.0261659, 0, 0.0118932, 0, 0.00680159, 0.0821859, 0.99308] , C:[0 ; 0, 0, 0, 0, 0, 0, 0, 0, 0, 0, 0, 0] ,v_coll[i]=0
[5]cost:[0 ; 0, 0, 0, 0, 0, 0, 0, 0, 0, 0, 0, 0] , d:[0.230962 ; 0, -0.0312196, 0, -0.0141903, 0, 0.0312196, 0, 0.0141903, 0, 0.0105951, 0.102419, 0.990052] , C:[0 ; 0, 0, 0, 0, 0, 0, 0, 0, 0, 0, 0, 0] ,v_coll[i]=0
[6]cost:[0 ; 0, 0, 0, 0, 0, 0, 0, 0, 0, 0, 0, 0] , d:[0.208874 ; 0, -0.0357978, 0, -0.0162712, 0, 0.0357978, 0, 0.0162712, 0, 0.0152569, 0.122903, 0.990052] , C:[0 ; 0, 0, 0, 0, 0, 0, 0, 0, 0, 0, 0, 0] ,v_coll[i]=0
[7]cost:[0 ; 0, 0, 0, 0, 0, 0, 0, 0, 0, 0, 0, 0] , d:[0.188014 ; 0, -0.0395975, 0, -0.0179983, 0, 0.0395975, 0, 0.0179983, 0, 0.02065, 0.142583, 0.984502] , C:[0 ; 0, 0, 0, 0, 0, 0, 0, 0, 0, 0, 0, 0] ,v_coll[i]=0
[8]cost:[0 ; 0, 0, 0, 0, 0, 0, 0, 0, 0, 0, 0, 0] , d:[0.168048 ; 0, -0.0430458, 0, -0.0195657, 0, 0.0430458, 0, 0.0195657, 0, 0.0269714, 0.162952, 0.984502] , C:[0 ; 0, 0, 0, 0, 0, 0, 0, 0, 0, 0, 0, 0] ,v_coll[i]=0
[9]cost:[0 ; 0, 0, 0, 0, 0, 0, 0, 0, 0, 0, 0, 0] , d:[0.149435 ; 0, -0.0453883, 0, -0.0206304, 0, 0.0453883, 0, 0.0206304, 0, 0.0337243, 0.181112, 0.972638] , C:[0 ; 0, 0, 0, 0, 0, 0, 0, 0, 0, 0, 0, 0] ,v_coll[i]=0
[10]cost:[0 ; 0, 0, 0, 0, 0, 0, 0, 0, 0, 0, 0, 0] , d:[0.131683 ; 0, -0.0477041, 0, -0.021683, 0, 0.0477041, 0, 0.021683, 0, 0.0416349, 0.201235, 0.972638] , C:[0 ; 0, 0, 0, 0, 0, 0, 0, 0, 0, 0, 0, 0] ,v_coll[i]=0
[11]cost:[0 ; 0, 0, 0, 0, 0, 0, 0, 0, 0, 0, 0, 0] , d:[0.114917 ; 0, -0.0494753, 0, -0.0224877, 0, 0.0494743, 0, 0.0224877, 0, 0.0503783, 0.221359, 0.972638] , C:[0 ; 0, 0, 0, 0, 0, 0, 0, 0, 0, 0, 0, 0] ,v_coll[i]=0
[12]cost:[0 ; 0, 0, 0, 0, 0, 0, 0, 0, 0, 0, 0, 0] , d:[0.100178 ; 0, -0.0489868, 0, -0.0222655, 0, 0.0489855, 0, 0.0222655, 0, 0.0579279, 0.233321, 0.939764] , C:[0 ; 0, 0, 0, 0, 0, 0, 0, 0, 0, 0, 0, 0] ,v_coll[i]=0
[13]cost:[116.43 ; 0, 67.3008, 0, 30.5895, 0, -67.2988, 0, -30.5895, 0, -92.1661, -342.669, -1274.02] , d:[0.0858856 ; 0, -0.0496433, 0, -0.0225638, 0, 0.0496419, 0, 0.0225638, 0, 0.0679848, 0.252764, 0.939763] , C:[10 ; 0, 0, 0, 0, 0, 0, 0, 0, 0, 0, 0, 0] ,v_coll[i]=1
[14]cost:[137.84 ; 0, 94.5652, 0, 42.9843, 0, -94.5683, 0, -42.9843, 0, -149.812, -517.208, -1785.6] , d:[0.0725467 ; 0, -0.0497699, 0, -0.0226227, 0, 0.0497715, 0, 0.0226227, 0, 0.0788463, 0.272208, 0.939764] , C:[10 ; 0, 0, 0, 0, 0, 0, 0, 0, 0, 0, 0, 0] ,v_coll[i]=1
[15]cost:[166.22 ; 0, 136.411, 0, 62.0053, 0, -136.416, 0, -62.0053, 0, -250.078, -805.806, -2596.49] , d:[0.0601612 ; 0, -0.0493721, 0, -0.022442, 0, 0.0493738, 0, 0.022442, 0, 0.0905124, 0.291651, 0.939764] , C:[10 ; 0, 0, 0, 0, 0, 0, 0, 0, 0, 0, 0, 0] ,v_coll[i]=1
[16]cost:[184.86 ; 0, 139.589, 0, 63.4475, 0, -139.589, 0, -63.4475, 0, -296.709, -896.31, -2707.6] , d:[0.054094 ; 0, -0.0408459, 0, -0.0185658, 0, 0.0408459, 0, 0.0185658, 0, 0.0868219, 0.262275, 0.792288] , C:[10 ; 0, 0, 0, 0, 0, 0, 0, 0, 0, 0, 0, 0] ,v_coll[i]=1
[17]cost:[220.94 ; 0, 193.425, 0, 87.9177, 0, -193.425, 0, -87.9177, 0, -478.479, -1360.38, -3867.75] , d:[0.0452598 ; 0, -0.039622, 0, -0.0180095, 0, 0.039622, 0, 0.0180095, 0, 0.0980138, 0.278667, 0.792288] , C:[10 ; 0, 0, 0, 0, 0, 0, 0, 0, 0, 0, 0, 0] ,v_coll[i]=1
[18]cost:[268.60 ; 0, 273.832, 0, 124.466, 0, -273.832, 0, -124.466, 0, -792.803, -2128.82, -5716.28] , d:[0.0372293 ; 0, -0.0379537, 0, -0.0172512, 0, 0.0379537, 0, 0.0172512, 0, 0.109884, 0.295059, 0.792288] , C:[10 ; 0, 0, 0, 0, 0, 0, 0, 0, 0, 0, 0, 0] ,v_coll[i]=1
[19]cost:[333.30 ; 0, 398.165, 0, 180.979, 0, -398.165, 0, -180.979, 0, -1360.12, -3459.97, -8801.67] , d:[0.0300026 ; 0, -0.0358411, 0, -0.0162909, 0, 0.0358411, 0, 0.0162909, 0, 0.122433, 0.311451, 0.792288] , C:[10 ; 0, 0, 0, 0, 0, 0, 0, 0, 0, 0, 0, 0] ,v_coll[i]=1
[20]cost:[424.09 ; 0, 598.633, 0, 272.098, 0, -598.633, 0, -272.098, 0, -2439.9, -5896.44, -14249.7] , d:[0.0235797 ; 0, -0.0332842, 0, -0.0151287, 0, 0.0332842, 0, 0.0151287, 0, 0.135659, 0.327843, 0.792288] , C:[10 ; 0, 0, 0, 0, 0, 0, 0, 0, 0, 0, 0, 0] ,v_coll[i]=1
[21]cost:[230.94 ; 0, 0, 0, 0, 0, 0, 0, 0, 0, 0, 0, 0] , d:[0.0433012 ; 0, 0, 0, 0, 0, 0, 0, 0, 0, 0, 0, 0] , C:[10 ; 0, 0, 0, 0, 0, 0, 0, 0, 0, 0, 0, 0] ,v_coll[i]=1
[22]cost:[230.94 ; 0, 0, 0, 0, 0, 0, 0, 0, 0, 0, 0, 0] , d:[0.0433012 ; 0, 0, 0, 0, 0, 0, 0, 0, 0, 0, 0, 0] , C:[10 ; 0, 0, 0, 0, 0, 0, 0, 0, 0, 0, 0, 0] ,v_coll[i]=1
[23]cost:[230.94 ; 0, 0.0127687, 0, -0.000878972, 0, 0.00193379, 0, 0.000878972, 0, 0, 0, 0] , d:[0.0433012 ; 0, -2.39413e-06, 0, 1.64807e-07, 0, -3.62586e-07, 0, -1.64807e-07, 0, 0, 0, 0] , C:[10 ; 0, 0, 0, 0, 0, 0, 0, 0, 0, 0, 0, 0] ,v_coll[i]=1
[24]cost:[230.94 ; 0, 0.0126846, 0, -0.000917185, 0, 0.00201787, 0, 0.000917185, 0, 0, 0, 0] , d:[0.0433013 ; 0, -2.37836e-06, 0, 1.71973e-07, 0, -3.78351e-07, 0, -1.71973e-07, 0, 0, 0, 0] , C:[10 ; 0, 0, 0, 0, 0, 0, 0, 0, 0, 0, 0, 0] ,v_coll[i]=1
[25]cost:[2000 ; 0, 0.174652, 0, 10.0815, 0, -0.174652, 0, -0.0793847, 0, -2.67594, -5.17349, -10.0021] , d:[0.000208086 ; 0, 0.0174615, 0, 1.00794, 0, -0.0174615, 0, -0.00793682, 0, -0.267539, -0.517241, -1] , C:[10 ; 0, 0, 0, 0, 0, 0, 0, 0, 0, 0, 0, 0] ,v_coll[i]=-1
[26]cost:[2000.02 ; 0,  0.108936, 0, 10.0718, 0, -0.108936, 0, -0.0495148, 0, -2.90015, -5.39131, -10.0223] , d:[0.00222782 ; 0, 0.0108693, 0, 1.00494, 0, -0.0108693, 0, -0.00494046, 0, -0.28937, -0.537931, -1] , C:[10 ; 0, 0, 0, 0, 0, 0, 0, 0, 0, 0, 0, 0] ,v_coll[i]=-1
[27]cost:[2000.03 ; 0, 0.0372835, 0, 10.0493, 0, -0.0372835, 0, -0.0169465, 0, -3.13068, -5.6043, -10.0324] , d:[0.00323306 ; 0, 0.00371632, 0, 1.00169, 0, -0.00371632, 0, -0.00168918, 0, -0.312057, -0.558621, -1] , C:[10 ; 0, 0, 0, 0, 0, 0, 0, 0, 0, 0, 0, 0] ,v_coll[i]=-1
[28]cost:[2000.03 ; 0,-0.0401042, 0, 10.0141, 0, 0.0401042, 0, 0.0182287, 0, -3.36684, -5.81181, -10.0323] , d:[0.00322378 ; 0, -0.00399751, 0, 0.998183, 0, 0.00399751, 0, 0.001817, 0, -0.3356, -0.57931, -1] , C:[10 ; 0, 0, 0, 0, 0, 0, 0, 0, 0, 0, 0, 0] ,v_coll[i]=-1
[29]cost:[2000.02 ; 0, -0.122992, 0, 9.96612, 0, 0.122992, 0, 0.0559038, 0, -3.60793, -6.01321, -10.022] , d:[0.0022 ; 0, -0.0122722, 0, 0.994422, 0, 0.0122722, 0, 0.00557809, 0, -0.36, -0.6, -1] , C:[10 ; 0, 0, 0, 0, 0, 0, 0, 0, 0, 0, 0, 0] ,v_coll[i]=-1
[30]cost:[2000 ; 0, -0.21111, 0, 9.90566, 0, 0.21111, 0, 0.0959565, 0, -3.85318, -6.2079, -10.0016] , d:[0.000161712 ; 0, -0.0211076, 0, 0.990406, 0, 0.0211076, 0, 0.0095941, 0, -0.385256, -0.62069, -1] , C:[10 ; 0, 0, 0, 0, 0, 0, 0, 0, 0, 0, 0, 0] ,v_coll[i]=-1
[31]cost:[230.941 ; 0, 0, 0, 0, 0, 0, 0, 0, 0, 0, 0, 0] , d:[0.0433012 ; 0, 0, 0, 0, 0, 0, 0, 0, 0, 0, 0, 0] , C:[10 ; 0, 0, 0, 0, 0, 0, 0, 0, 0, 0, 0, 0] ,v_coll[i]=1
[32]cost:[230.941 ; 0, 0, 0, 0, 0, 0, 0, 0, 0, 0, 0, 0] , d:[0.0433012 ; 0, 0, 0, 0, 0, 0, 0, 0, 0, 0, 0, 0] , C:[10 ; 0, 0, 0, 0, 0, 0, 0, 0, 0, 0, 0, 0] ,v_coll[i]=1
[33]cost:[230.941 ; 0, 0, 0, 0, 0, 0, 0, 0, 0, 0, 0, 0] , d:[0.0433012 ; 0, 0, 0, 0, 0, 0, 0, 0, 0, 0, 0, 0] , C:[10 ; 0, 0, 0, 0, 0, 0, 0, 0, 0, 0, 0, 0] ,v_coll[i]=1
[34]cost:[230.941 ; 0, 0, 0, 0, 0, 0, 0, 0, 0, 0, 0, 0] , d:[0.0433012 ; 0, 0, 0, 0, 0, 0, 0, 0, 0, 0, 0, 0] , C:[10 ; 0, 0, 0, 0, 0, 0, 0, 0, 0, 0, 0, 0] ,v_coll[i]=1
[35]cost:[422.12 ; 0, -1040.42, 0, -472.902, 0, 1040.42, 0, 472.902, 0, -7402.84, -10223, -14117.4] , d:[0.0236899 ; 0, 0.0583895, 0, 0.0265399, 0, -0.0583895, 0, -0.0265399, 0, 0.415457, 0.573726, 0.792288] , C:[10 ; 0, 0, 0, 0, 0, 0, 0, 0, 0, 0, 0, 0] ,v_coll[i]=1
[36]cost:[331.921 ; 0, -749.75, 0, -340.801, 0, 749.785, 0, 340.801, 0, -4842.42, -6501.4, -8728.74] , d:[0.0301277 ; 0, 0.068053, 0, 0.0309337, 0, -0.0680562, 0, -0.0309337, 0, 0.439535, 0.590117, 0.792287] , C:[10 ; 0, 0, 0, 0, 0, 0, 0, 0, 0, 0, 0, 0] ,v_coll[i]=1
[37]cost:[267.601 ; 0, -559.732, 0, -254.426, 0, 559.753, 0, 254.426, 0, -3324.81, -4343.22, -5673.58] , d:[0.0373691 ; 0, 0.0781637, 0, 0.0355293, 0, -0.0781667, 0, -0.0355293, 0, 0.464293, 0.606509, 0.792286] , C:[10 ; 0, 0, 0, 0, 0, 0, 0, 0, 0, 0, 0, 0] ,v_coll[i]=1
[38]cost:[220.196 ; 0, -430.185, 0, -195.527, 0, 430.172, 0, 195.527, 0, -2374.52, -3020.22, -3841.5] , d:[0.0454141 ; 0, 0.0887232, 0, 0.0403263, 0, -0.0887205, 0, -0.0403263, 0, 0.48973, 0.622902, 0.792288] , C:[10 ; 0, 0, 0, 0, 0, 0, 0, 0, 0, 0, 0, 0] ,v_coll[i]=1
[39]cost:[184.288 ; 0, -338.676, 0, -153.935, 0, 338.668, 0, 153.935, 0, -1751.91, -2171.17, -2690.76] , d:[0.054263 ; 0, 0.0997222, 0, 0.0453258, 0, -0.0997198, 0, -0.0453258, 0, 0.515845, 0.639295, 0.792288] , C:[10 ; 0, 0, 0, 0, 0, 0, 0, 0, 0, 0, 0, 0] ,v_coll[i]=1
[40]cost:[165.62 ; 0, -361.681, 0, -164.396, 0, 361.681, 0, 164.396, 0, -1765.52, -2133.33, -2577.78] , d:[0.0603791 ; 0, 0.131856, 0, 0.0599327, 0, -0.131856, 0, -0.0599327, 0, 0.643643, 0.777736, 0.939764] , C:[10 ; 0, 0, 0, 0, 0, 0, 0, 0, 0, 0, 0, 0] ,v_coll[i]=1
[41]cost:[137.397 ; 0, -275.534, 0, -125.239, 0, 275.534, 0, 125.239, 0, -1276.57, -1504.9, -1774.07] , d:[0.072782 ; 0, 0.145957, 0, 0.0663419, 0, -0.145957, 0, -0.0663419, 0, 0.676228, 0.797179, 0.939764] , C:[10 ; 0, 0, 0, 0, 0, 0, 0, 0, 0, 0, 0, 0] ,v_coll[i]=1
[42]cost:[116.092 ; 0, -216.427, 0, -98.3729, 0, 216.427, 0, 98.3729, 0, -956.383, -1100.6, -1266.56] , d:[0.0861383 ; 0, 0.160584, 0, 0.0729907, 0, -0.160584, 0, -0.0729907, 0, 0.709617, 0.816623, 0.939764] , C:[10 ; 0, 0, 0, 0, 0, 0, 0, 0, 0, 0, 0, 0] ,v_coll[i]=1
[43]cost:[0 ; 0, 0, 0, 0, 0, 0, 0, 0, 0, 0, 0, 0] , d:[0.100448 ; 0, 0.175739, 0, 0.079879, 0, -0.175739, 0, -0.079879, 0, 0.743811, 0.836066, 0.939764] , C:[0 ; 0, 0, 0, 0, 0, 0, 0, 0, 0, 0, 0, 0] ,v_coll[i]=0
[44]cost:[0 ; 0, 0, 0, 0, 0, 0, 0, 0, 0, 0, 0, 0] , d:[0.115215 ; 0, 0.198117, 0, 0.0900505, 0, -0.198117, 0, -0.0900505, 0, 0.806052, 0.885436, 0.972638] , C:[0 ; 0, 0, 0, 0, 0, 0, 0, 0, 0, 0, 0, 0] ,v_coll[i]=0
[45]cost:[0 ; 0, 0, 0, 0, 0, 0, 0, 0, 0, 0, 0, 0] , d:[0.131998 ; 0, 0.214893, 0, 0.0976756, 0, -0.214893, 0, -0.0976756, 0, 0.843107, 0.90556, 0.972638] , C:[0 ; 0, 0, 0, 0, 0, 0, 0, 0, 0, 0, 0, 0] ,v_coll[i]=0
[46]cost:[0 ; 0, 0, 0, 0, 0, 0, 0, 0, 0, 0, 0, 0] , d:[0.149769 ; 0, 0.232214, 0, 0.105549, 0, -0.232214, 0, -0.105549, 0, 0.880995, 0.925683, 0.972638] , C:[0 ; 0, 0, 0, 0, 0, 0, 0, 0, 0, 0, 0, 0] ,v_coll[i]=0
[47]cost:[0 ; 0, 0, 0, 0, 0, 0, 0, 0, 0, 0, 0, 0] , d:[0.168404 ; 0, 0.253131, 0, 0.115056, 0, -0.253131, 0, -0.115056, 0, 0.930934, 0.957344, 0.984502] , C:[0 ; 0, 0, 0, 0, 0, 0, 0, 0, 0, 0, 0, 0] ,v_coll[i]=0
[48]cost:[0 ; 0, 0, 0, 0, 0, 0, 0, 0, 0, 0, 0, 0] , d:[0.188389 ; 0, 0.271768, 0, 0.123527, 0, -0.271768, 0, -0.123527, 0, 0.97097, 0.977713, 0.984502] , C:[0 ; 0, 0, 0, 0, 0, 0, 0, 0, 0, 0, 0, 0] ,v_coll[i]=0
[49]cost:[0 ; 0, 0, 0, 0, 0, 0, 0, 0, 0, 0, 0, 0] , d:[0.209269 ; 0, 0.292597, 0, 0.132995, 0, -0.292597, 0, -0.132995, 0, 1.01755, 1.00371, 0.990052] , C:[0 ; 0, 0, 0, 0, 0, 0, 0, 0, 0, 0, 0, 0] ,v_coll[i]=0
[50]cost:[0 ; 0, 0, 0, 0, 0, 0, 0, 0, 0, 0, 0, 0] , d:[0.231375 ; 0, 0.31245, 0, 0.142018, 0, -0.312449, 0, -0.142018, 0, 1.05951, 1.02419, 0.990052] , C:[0 ; 0, 0, 0, 0, 0, 0, 0, 0, 0, 0, 0, 0] ,v_coll[i]=0
[51]cost:[0 ; 0, 0, 0, 0, 0, 0, 0, 0, 0, 0, 0, 0] , d:[0.254416 ; 0, 0.333876, 0, 0.151757, 0, -0.333875, 0, -0.151757, 0, 1.10568, 1.04787, 0.99308] , C:[0 ; 0, 0, 0, 0, 0, 0, 0, 0, 0, 0, 0, 0] ,v_coll[i]=0
[52]cost:[0 ; 0, 0, 0, 0, 0, 0, 0, 0, 0, 0, 0, 0] , d:[0.278605 ; 0, 0.354902, 0, 0.161314, 0, -0.354902, 0, -0.161314, 0, 1.14947, 1.06842, 0.99308] , C:[0 ; 0, 0, 0, 0, 0, 0, 0, 0, 0, 0, 0, 0] ,v_coll[i]=0
[53]cost:[0 ; 0, 0, 0, 0, 0, 0, 0, 0, 0, 0, 0, 0] , d:[0.303759 ; 0, 0.377181, 0, 0.171441, 0, -0.377181, 0, -0.171441, 0, 1.19631, 1.09097, 0.994912] , C:[0 ; 0, 0, 0, 0, 0, 0, 0, 0, 0, 0, 0, 0] ,v_coll[i]=0
[54]cost:[0 ; 0, 0, 0, 0, 0, 0, 0, 0, 0, 0, 0, 0] , d:[0.330011 ; 0, 0.399362, 0, 0.181523, 0, -0.399362, 0, -0.181523, 0, 1.24188, 1.11156, 0.994912] , C:[0 ; 0, 0, 0, 0, 0, 0, 0, 0, 0, 0, 0, 0] ,v_coll[i]=0
[55]cost:[0 ; 0, 0, 0, 0, 0, 0, 0, 0, 0, 0, 0, 0] , d:[0.357249 ; 0, 0.422607, 0, 0.192088, 0, -0.422607, 0, -0.192088, 0, 1.28984, 1.13349, 0.996101] , C:[0 ; 0, 0, 0, 0, 0, 0, 0, 0, 0, 0, 0, 0] ,v_coll[i]=0
[56]cost:[0 ; 0, 0, 0, 0, 0, 0, 0, 0, 0, 0, 0, 0] , d:[0.385554 ; 0, 0.445932, 0, 0.20269, 0, -0.445932, 0, -0.20269, 0, 1.33717, 1.1541, 0.996101] , C:[0 ; 0, 0, 0, 0, 0, 0, 0, 0, 0, 0, 0, 0] ,v_coll[i]=0
[57]cost:[0 ; 0, 0, 0, 0, 0, 0, 0, 0, 0, 0, 0, 0] , d:[0.414859 ; 0, 0.470202, 0, 0.213722, 0, -0.470202, 0, -0.213722, 0, 1.38649, 1.17568, 0.996919] , C:[0 ; 0, 0, 0, 0, 0, 0, 0, 0, 0, 0, 0, 0] ,v_coll[i]=0
[58]cost:[0 ; 0, 0, 0, 0, 0, 0, 0, 0, 0, 0, 0, 0] , d:[0.44521 ; 0, 0.494665, 0, 0.224841, 0, -0.494665, 0, -0.224841, 0, 1.43556, 1.1963, 0.996919] , C:[0 ; 0, 0, 0, 0, 0, 0, 0, 0, 0, 0, 0, 0] ,v_coll[i]=0
[59]cost:[0 ; 0, 0, 0, 0, 0, 0, 0, 0, 0, 0, 0, 0] , d:[0.476572 ; 0, 0.519991, 0, 0.236353, 0, -0.519991, 0, -0.236353, 0, 1.48636, 1.21764, 0.997503] , C:[0 ; 0, 0, 0, 0, 0, 0, 0, 0, 0, 0, 0, 0] ,v_coll[i]=0
[60]cost:[0 ; 0, 0, 0, 0, 0, 0, 0, 0, 0, 0, 0, 0] , d:[0.508957 ; 0, 0.545824, 0, 0.248095, 0, -0.545824, 0, -0.248095, 0, 1.53784, 1.23882, 0.997937] , C:[0 ; 0, 0, 0, 0, 0, 0, 0, 0, 0, 0, 0, 0] ,v_coll[i]=0
[61]cost:[0 ; 0, 0, 0, 0, 0, 0, 0, 0, 0, 0, 0, 0] , d:[0.542376 ; 0, 0.571991, 0, 0.259988, 0, -0.571991, 0, -0.259988, 0, 1.58953, 1.25946, 0.997937] , C:[0 ; 0, 0, 0, 0, 0, 0, 0, 0, 0, 0, 0, 0] ,v_coll[i]=0
[62]cost:[0 ; 0, 0, 0, 0, 0, 0, 0, 0, 0, 0, 0, 0] , d:[0.576808 ; 0, 0.598915, 0, 0.272226, 0, -0.598915, 0, -0.272226, 0, 1.64262, 1.28053, 0.998266] , C:[0 ; 0, 0, 0, 0, 0, 0, 0, 0, 0, 0, 0, 0] ,v_coll[i]=0
[63]cost:[0 ; 0, 0, 0, 0, 0, 0, 0, 0, 0, 0, 0, 0] , d:[0.61226 ; 0, 0.62637, 0, 0.284705, 0, -0.62637, 0, -0.284705, 0, 1.69646, 1.30152, 0.998521] , C:[0 ; 0, 0, 0, 0, 0, 0, 0, 0, 0, 0, 0, 0] ,v_coll[i]=0
[64]cost:[0 ; 0, 0, 0, 0, 0, 0, 0, 0, 0, 0, 0, 0] , d:[0.648737 ; 0, 0.654232, 0, 0.297369, 0, -0.654232, 0, -0.297369, 0, 1.75075, 1.32218, 0.998521] , C:[0 ; 0, 0, 0, 0, 0, 0, 0, 0, 0, 0, 0, 0] ,v_coll[i]=0
[65]cost:[0 ; 0, 0, 0, 0, 0, 0, 0, 0, 0, 0, 0, 0] , d:[0.68623 ; 0, 0.682793, 0, 0.310351, 0, -0.682793, 0, -0.310351, 0, 1.80625, 1.34311, 0.998725] , C:[0 ; 0, 0, 0, 0, 0, 0, 0, 0, 0, 0, 0, 0] ,v_coll[i]=0
[66]cost:[0 ; 0, 0, 0, 0, 0, 0, 0, 0, 0, 0, 0, 0] , d:[0.724741 ; 0, 0.711899, 0, 0.323581, 0, -0.711899, 0, -0.323581, 0, 1.86257, 1.364, 0.998889] , C:[0 ; 0, 0, 0, 0, 0, 0, 0, 0, 0, 0, 0, 0] ,v_coll[i]=0
[67]cost:[0 ; 0, 0, 0, 0, 0, 0, 0, 0, 0, 0, 0, 0] , d:[0.76427 ; 0, 0.741552, 0, 0.337059, 0, -0.741552, 0, -0.337059, 0, 1.9197, 1.38486, 0.999025] , C:[0 ; 0, 0, 0, 0, 0, 0, 0, 0, 0, 0, 0, 0] ,v_coll[i]=0
[68]cost:[0 ; 0, 0, 0, 0, 0, 0, 0, 0, 0, 0, 0, 0] , d:[0.804818 ; 0, 0.771755, 0, 0.350787, 0, -0.771755, 0, -0.350787, 0, 1.97765, 1.40568, 0.999136] , C:[0 ; 0, 0, 0, 0, 0, 0, 0, 0, 0, 0, 0, 0] ,v_coll[i]=0
[69]cost:[0 ; 0, 0, 0, 0, 0, 0, 0, 0, 0, 0, 0, 0] , d:[0.846386 ; 0, 0.802436, 0, 0.364733, 0, -0.802436, 0, -0.364733, 0, 2.03624, 1.42635, 0.999136] , C:[0 ; 0, 0, 0, 0, 0, 0, 0, 0, 0, 0, 0, 0] ,v_coll[i]=0
[70]cost:[0 ; 0, 0, 0, 0, 0, 0, 0, 0, 0, 0, 0, 0] , d:[0.875714 ; 0, 0, 0, 0, 0, 0, 0, 0, 0, 0, 0, 0] , C:[0 ; 0, 0, 0, 0, 0, 0, 0, 0, 0, 0, 0, 0] ,v_coll[i]=0
[71]cost:[0 ; 0, 0, 0, 0, 0, 0, 0, 0, 0, 0, 0, 0] , d:[0.868822 ; 0, -0.865479, 0, -0.393388, 0, 0.865479, 0, 0.393388, 0, -2.156, -1.4677, -0.999136] , C:[0 ; 0, 0, 0, 0, 0, 0, 0, 0, 0, 0, 0, 0] ,v_coll[i]=0
[72]cost:[0 ; 0, 0, 0, 0, 0, 0, 0, 0, 0, 0, 0, 0] , d:[0.824213 ; 0, -0.897741, 0, -0.408052, 0, 0.897741, 0, 0.408052, 0, -2.21691, -1.4882, -0.999025] , C:[0 ; 0, 0, 0, 0, 0, 0, 0, 0, 0, 0, 0, 0] ,v_coll[i]=0
[73]cost:[0 ; 0, 0, 0, 0, 0, 0, 0, 0, 0, 0, 0, 0] , d:[0.778595 ; 0, -0.930532, 0, -0.422957, 0, 0.930532, 0, 0.422957, 0, -2.2786, -1.50866, -0.998888] , C:[0 ; 0, 0, 0, 0, 0, 0, 0, 0, 0, 0, 0, 0] ,v_coll[i]=0
[74]cost:[0 ; 0, 0, 0, 0, 0, 0, 0, 0, 0, 0, 0, 0] , d:[0.731969 ; 0, -0.963847, 0, -0.4381, 0, 0.963849, 0, 0.4381, 0, -2.34108, -1.52908, -0.998724] , C:[0 ; 0, 0, 0, 0, 0, 0, 0, 0, 0, 0, 0, 0] ,v_coll[i]=0
[75]cost:[0 ; 0, 0, 0, 0, 0, 0, 0, 0, 0, 0, 0, 0] , d:[0.684337 ; 0, -0.997676, 0, -0.453476, 0, 0.997676, 0, 0.453476, 0, -2.40429, -1.54943, -0.998523] , C:[0 ; 0, 0, 0, 0, 0, 0, 0, 0, 0, 0, 0, 0] ,v_coll[i]=0
[76]cost:[0 ; 0, 0, 0, 0, 0, 0, 0, 0, 0, 0, 0, 0] , d:[0.635701 ; 0, -1.03199, 0, -0.469073, 0, 1.03199, 0, 0.469073, 0, -2.46819, -1.56968, -0.998265] , C:[0 ; 0, 0, 0, 0, 0, 0, 0, 0, 0, 0, 0, 0] ,v_coll[i]=0
[77]cost:[0 ; 0, 0, 0, 0, 0, 0, 0, 0, 0, 0, 0, 0] , d:[0.586064 ; 0, -1.06677, 0, -0.484883, 0, 1.06677, 0, 0.484883, 0, -2.53275, -1.58982, -0.997938] , C:[0 ; 0, 0, 0, 0, 0, 0, 0, 0, 0, 0, 0, 0] ,v_coll[i]=0
[78]cost:[0 ; 0, 0, 0, 0, 0, 0, 0, 0, 0, 0, 0, 0] , d:[0.53543 ; 0, -1.10197, 0, -0.500882, 0, 1.10197, 0, 0.500882, 0, -2.59782, -1.60976, -0.997502] , C:[0 ; 0, 0, 0, 0, 0, 0, 0, 0, 0, 0, 0, 0] ,v_coll[i]=0
[79]cost:[0 ; 0, 0, 0, 0, 0, 0, 0, 0, 0, 0, 0, 0] , d:[0.483806 ; 0, -1.13753, 0, -0.517045, 0, 1.13753, 0, 0.517045, 0, -2.6633, -1.62944, -0.996917] , C:[0 ; 0, 0, 0, 0, 0, 0, 0, 0, 0, 0, 0, 0] ,v_coll[i]=0
[80]cost:[0 ; 0, 0, 0, 0, 0, 0, 0, 0, 0, 0, 0, 0] , d:[0.431201 ; 0, -1.17334, 0, -0.533319, 0, 1.17334, 0, 0.533319, 0, -2.72892, -1.64872, -0.996103] , C:[0 ; 0, 0, 0, 0, 0, 0, 0, 0, 0, 0, 0, 0] ,v_coll[i]=0
[81]cost:[0 ; 0, 0, 0, 0, 0, 0, 0, 0, 0, 0, 0, 0] , d:[0.377631 ; 0, -1.20918, 0, -0.54961, 0, 1.20918, 0, 0.54961, 0, -2.79422, -1.66733, -0.99491] , C:[0 ; 0, 0, 0, 0, 0, 0, 0, 0, 0, 0, 0, 0] ,v_coll[i]=0
[82]cost:[0 ; 0, 0, 0, 0, 0, 0, 0, 0, 0, 0, 0, 0] , d:[0.323125 ; 0, -1.24469, 0, -0.565752, 0, 1.24469, 0, 0.565752, 0, -2.85838, -1.68481, -0.993082] , C:[0 ; 0, 0, 0, 0, 0, 0, 0, 0, 0, 0, 0, 0] ,v_coll[i]=0
[83]cost:[0 ; 0, 0, 0, 0, 0, 0, 0, 0, 0, 0, 0, 0] , d:[0.267733 ; 0, -1.27907, 0, -0.581377, 0, 1.27907, 0, 0.581377, 0, -2.91958, -1.70016, -0.99005] , C:[0 ; 0, 0, 0, 0, 0, 0, 0, 0, 0, 0, 0, 0] ,v_coll[i]=0
[84]cost:[0 ; 0, 0, 0, 0, 0, 0, 0, 0, 0, 0, 0, 0] , d:[0.211568 ; 0, -1.31041, 0, -0.595624, 0, 1.31041, 0, 0.595624, 0, -2.97359, -1.711, -0.984502] , C:[0 ; 0, 0, 0, 0, 0, 0, 0, 0, 0, 0, 0, 0] ,v_coll[i]=0
[85]cost:[0 ; 0, 0, 0, 0, 0, 0, 0, 0, 0, 0, 0, 0] , d:[0.154916 ; 0, -1.33322, 0, -0.605989, 0, 1.33322, 0, 0.605989, 0, -3.00813, -1.7105, -0.972639] , C:[0 ; 0, 0, 0, 0, 0, 0, 0, 0, 0, 0, 0, 0] ,v_coll[i]=0
[86]cost:[0 ; 0, 0, 0, 0, 0, 0, 0, 0, 0, 0, 0, 0] , d:[0.108871 ; 0, -1.11198, 0, -0.310126, 0, 0.682298, 0, 0.310126, 0, -2.00511, -1.1269, -0.633337] , C:[0 ; 0, 0, 0, 0, 0, 0, 0, 0, 0, 0, 0, 0] ,v_coll[i]=0
[87]cost:[120.604 ; 0, 579.064, 0, -260.605, 0, 573.349, 0, 260.605, 0, 0, 0, 0] , d:[0.0829158 ; 0, -0.398108, 0, 0.179167, 0, -0.394179, 0, -0.179167, 0, 0, 0, 0] , C:[10 ; 0, 0, 0, 0, 0, 0, 0, 0, 0, 0, 0, 0] ,v_coll[i]=1
[88]cost:[100.697 ; 0, 399.082, 0, -183.761, 0, 404.286, 0, 183.761, 0, 0, 0, 0] , d:[0.0993079 ; 0, -0.393577, 0, 0.181226, 0, -0.39871, 0, -0.181226, 0, 0, 0, 0] , C:[10 ; 0, 0, 0, 0, 0, 0, 0, 0, 0, 0, 0, 0] ,v_coll[i]=1
[89]cost:[0 ; 0, 0, 0, 0, 0, 0, 0, 0, 0, 0, 0, 0] , d:[0.121803 ; 0, -0.461464, 0, 0.217402, 0, -0.478299, 0, -0.217402, 0, 0, 0, 0] , C:[0 ; 0, 0, 0, 0, 0, 0, 0, 0, 0, 0, 0, 0] ,v_coll[i]=0
[90]cost:[0 ; 0, 0, 0, 0, 0, 0, 0, 0, 0, 0, 0, 0] , d:[0.141246 ; 0, -0.45609, 0, 0.219845, 0, -0.483673, 0, -0.219845, 0, -1.94196e-06, -1.0429e-06, -5.60078e-07] , C:[0 ; 0, 0, 0, 0, 0, 0, 0, 0, 0, 0, 0, 0] ,v_coll[i]=0
[91]cost:[0 ; 0, 0, 0, 0, 0, 0, 0, 0, 0, 0, 0, 0] , d:[0.161766 ; 0, -0.466482, 0, 0.230064, 0, -0.506155, 0, -0.230064, 0, 0, 0, 0] , C:[0 ; 0, 0, 0, 0, 0, 0, 0, 0, 0, 0, 0, 0] ,v_coll[i]=0
[92]cost:[0 ; 0, 0, 0, 0, 0, 0, 0, 0, 0, 0, 0, 0] , d:[0.18189 ; 0, -0.46092, 0, 0.232592, 0, -0.511717, 0, -0.232592, 0, 0, 0, 0] , C:[0 ; 0, 0, 0, 0, 0, 0, 0, 0, 0, 0, 0, 0] ,v_coll[i]=0
[93]cost:[0 ; 0, 0, 0, 0, 0, 0, 0, 0, 0, 0, 0, 0] , d:[0.202013 ; 0, -0.455358, 0, 0.23512, 0, -0.517279, 0, -0.23512, 0, 0, 0, 0] , C:[0 ; 0, 0, 0, 0, 0, 0, 0, 0, 0, 0, 0, 0] ,v_coll[i]=0
[94]cost:[0 ; 0, 0, 0, 0, 0, 0, 0, 0, 0, 0, 0, 0] , d:[0.222669 ; 0, -0.455285, 0, 0.240548, 0, -0.529221, 0, -0.240548, 0, -2.37107e-06, -1.21916e-06, -6.26876e-07] , C:[0 ; 0, 0, 0, 0, 0, 0, 0, 0, 0, 0, 0, 0] ,v_coll[i]=0
[95]cost:[0 ; 0, 0, 0, 0, 0, 0, 0, 0, 0, 0, 0, 0] , d:[0.243038 ; 0, -0.449654, 0, 0.243107, 0, -0.534852, 0, -0.243107, 0, 0, 0, 0] , C:[0 ; 0, 0, 0, 0, 0, 0, 0, 0, 0, 0, 0, 0] ,v_coll[i]=0
[96]cost:[0 ; 0, 0, 0, 0, 0, 0, 0, 0, 0, 0, 0, 0] , d:[0.263608 ; 0, -0.446525, 0, 0.24705, 0, -0.543526, 0, -0.24705, 0, 0, 0, 0] , C:[0 ; 0, 0, 0, 0, 0, 0, 0, 0, 0, 0, 0, 0] ,v_coll[i]=0
[97]cost:[0 ; 0, 0, 0, 0, 0, 0, 0, 0, 0, 0, 0, 0] , d:[0.284091 ; 0, -0.440862, 0, 0.249624, 0, -0.549189, 0, -0.249624, 0, 2.40066e-06, 1.1962e-06, 5.96047e-07] , C:[0 ; 0, 0, 0, 0, 0, 0, 0, 0, 0, 0, 0, 0] ,v_coll[i]=0
[98]cost:[0 ; 0, 0, 0, 0, 0, 0, 0, 0, 0, 0, 0, 0] , d:[0.304659 ; 0, -0.436533, 0, 0.252968, 0, -0.556546, 0, -0.252968, 0, -1.09845e-06, -5.41754e-07, -2.67191e-07] , C:[0 ; 0, 0, 0, 0, 0, 0, 0, 0, 0, 0, 0, 0] ,v_coll[i]=0
[99]cost:[0 ; 0, 0, 0, 0, 0, 0, 0, 0, 0, 0, 0, 0] , d:[0.325205 ; 0, -0.430854, 0, 0.25555, 0, -0.562226, 0, -0.25555, 0, 0, 0, 0] , C:[0 ; 0, 0, 0, 0, 0, 0, 0, 0, 0, 0, 0, 0] ,v_coll[i]=0
[100]cost:[0 ; 0, 0, 0, 0, 0, 0, 0, 0, 0, 0, 0, 0] , d:[0.345752 ; 0, -0.425175, 0, 0.258131, 0, -0.567905, 0, -0.258131, 0, 0, 0, 0] , C:[0 ; 0, 0, 0, 0, 0, 0, 0, 0, 0, 0, 0, 0] ,v_coll[i]=0
[101]cost:[0 ; 0, 0, 0, 0, 0, 0, 0, 0, 0, 0, 0, 0] , d:[0.366371 ; 0, -0.42027, 0, 0.261193, 0, -0.574642, 0, -0.261193, 0, 0, 0, 0] , C:[0 ; 0, 0, 0, 0, 0, 0, 0, 0, 0, 0, 0, 0] ,v_coll[i]=0
[102]cost:[0 ; 0, 0, 0, 0, 0, 0, 0, 0, 0, 0, 0, 0] , d:[0.386956 ; 0, -0.41458, 0, 0.263779, 0, -0.580332, 0, -0.263779, 0, 0, 0, 0] , C:[0 ; 0, 0, 0, 0, 0, 0, 0, 0, 0, 0, 0, 0] ,v_coll[i]=0
[103]cost:[0 ; 0, 0, 0, 0, 0, 0, 0, 0, 0, 0, 0, 0] , d:[0.407577 ; 0, -0.409379, 0, 0.266684, 0, -0.586721, 0, -0.266684, 0, 0, 0, 0] , C:[0 ; 0, 0, 0, 0, 0, 0, 0, 0, 0, 0, 0, 0] ,v_coll[i]=0
[104]cost:[0 ; 0, 0, 0, 0, 0, 0, 0, 0, 0, 0, 0, 0] , d:[0.428186 ; 0, -0.403683, 0, 0.269273, 0, -0.592418, 0, -0.269273, 0, 0, 0, 0] , C:[0 ; 0, 0, 0, 0, 0, 0, 0, 0, 0, 0, 0, 0] ,v_coll[i]=0
[105]cost:[0 ; 0, 0, 0, 0, 0, 0, 0, 0, 0, 0, 0, 0] , d:[0.448795 ; 0, -0.397987, 0, 0.271862, 0, -0.598114, 0, -0.271862, 0, 0, 0, 0] , C:[0 ; 0, 0, 0, 0, 0, 0, 0, 0, 0, 0, 0, 0] ,v_coll[i]=0
[106]cost:[0 ; 0, 0, 0, 0, 0, 0, 0, 0, 0, 0, 0, 0] , d:[0.469439 ; 0, -0.392612, 0, 0.274676, 0, -0.604305, 0, -0.274676, 0, 0, 0, 0] , C:[0 ; 0, 0, 0, 0, 0, 0, 0, 0, 0, 0, 0, 0] ,v_coll[i]=0
[107]cost:[0 ; 0, 0, 0, 0, 0, 0, 0, 0, 0, 0, 0, 0] , d:[0.490065 ; 0, -0.386911, 0, 0.277267, 0, -0.610006, 0, -0.277267, 0, 0, 0, 0] , C:[0 ; 0, 0, 0, 0, 0, 0, 0, 0, 0, 0, 0, 0] ,v_coll[i]=0
[108]cost:[0 ; 0, 0, 0, 0, 0, 0, 0, 0, 0, 0, 0, 0] , d:[0.510711 ; 0, -0.381434, 0, 0.280023, 0, -0.61607, 0, -0.280023, 0, 0, 0, 0] , C:[0 ; 0, 0, 0, 0, 0, 0, 0, 0, 0, 0, 0, 0] ,v_coll[i]=0
[109]cost:[0 ; 0, 0, 0, 0, 0, 0, 0, 0, 0, 0, 0, 0] , d:[0.531349 ; 0, -0.37573, 0, 0.282616, 0, -0.621774, 0, -0.282616, 0, 0, 0, 0] , C:[0 ; 0, 0, 0, 0, 0, 0, 0, 0, 0, 0, 0, 0] ,v_coll[i]=0
[110]cost:[0 ; 0, 0, 0, 0, 0, 0, 0, 0, 0, 0, 0, 0] , d:[0.551998 ; 0, -0.370184, 0, 0.285333, 0, -0.627751, 0, -0.285333, 0, 3.19373e-06, 1.4033e-06, 6.16603e-07] , C:[0 ; 0, 0, 0, 0, 0, 0, 0, 0, 0, 0, 0, 0] ,v_coll[i]=0
[111]cost:[0 ; 0, 0, 0, 0, 0, 0, 0, 0, 0, 0, 0, 0] , d:[0.572645 ; 0, -0.364478, 0, 0.287926, 0, -0.633456, 0, -0.287926, 0, 0, 0, 0] , C:[0 ; 0, 0, 0, 0, 0, 0, 0, 0, 0, 0, 0, 0] ,v_coll[i]=0
[112]cost:[0 ; 0, 0, 0, 0, 0, 0, 0, 0, 0, 0, 0, 0] , d:[0.593292 ; 0, -0.358772, 0, 0.29052, 0, -0.639163, 0, -0.29052, 0, 0, 0, 0] , C:[0 ; 0, 0, 0, 0, 0, 0, 0, 0, 0, 0, 0, 0] ,v_coll[i]=0
[113]cost:[0 ; 0, 0, 0, 0, 0, 0, 0, 0, 0, 0, 0, 0] , d:[0.613951 ; 0, -0.353179, 0, 0.293213, 0, -0.645088, 0, -0.293213, 0, 6.51589e-06, 2.78703e-06, 1.19209e-06] , C:[0 ; 0, 0, 0, 0, 0, 0, 0, 0, 0, 0, 0, 0] ,v_coll[i]=0
[114]cost:[0 ; 0, 0, 0, 0, 0, 0, 0, 0, 0, 0, 0, 0] , d:[0.634605 ; 0, -0.347474, 0, 0.295806, 0, -0.650793, 0, -0.295806, 0, 0, 0, 0] , C:[0 ; 0, 0, 0, 0, 0, 0, 0, 0, 0, 0, 0, 0] ,v_coll[i]=0
[115]cost:[0 ; 0, 0, 0, 0, 0, 0, 0, 0, 0, 0, 0, 0] , d:[0.655266 ; 0, -0.341852, 0, 0.298477, 0, -0.656669, 0, -0.298477, 0, 0, 0, 0] , C:[0 ; 0, 0, 0, 0, 0, 0, 0, 0, 0, 0, 0, 0] ,v_coll[i]=0
[116]cost:[0 ; 0, 0, 0, 0, 0, 0, 0, 0, 0, 0, 0, 0] , d:[0.675925 ; 0, -0.336138, 0, 0.301074, 0, -0.662382, 0, -0.301074, 0, 6.86645e-06, 2.86102e-06, 1.19209e-06] , C:[0 ; 0, 0, 0, 0, 0, 0, 0, 0, 0, 0, 0, 0] ,v_coll[i]=0
[117]cost:[0 ; 0, 0, 0, 0, 0, 0, 0, 0, 0, 0, 0, 0] , d:[0.696585 ; 0, -0.330428, 0, 0.30367, 0, -0.668093, 0, -0.30367, 0, 6.98535e-06, 2.88569e-06, 1.19209e-06] , C:[0 ; 0, 0, 0, 0, 0, 0, 0, 0, 0, 0, 0, 0] ,v_coll[i]=0
[118]cost:[0 ; 0, 0, 0, 0, 0, 0, 0, 0, 0, 0, 0, 0] , d:[0.717252 ; 0, -0.324791, 0, 0.306324, 0, -0.673933, 0, -0.306324, 0, -7.10526e-06, -2.91035e-06, -1.19209e-06] , C:[0 ; 0, 0, 0, 0, 0, 0, 0, 0, 0, 0, 0, 0] ,v_coll[i]=0
[119]cost:[0 ; 0, 0, 0, 0, 0, 0, 0, 0, 0, 0, 0, 0] , d:[0.737915 ; 0, -0.31908, 0, 0.30892, 0, -0.679645, 0, -0.30892, 0, -7.2262e-06, -2.93501e-06, -1.19209e-06] , C:[0 ; 0, 0, 0, 0, 0, 0, 0, 0, 0, 0, 0, 0] ,v_coll[i]=0
[120]cost:[0 ; 0, 0, 0, 0, 0, 0, 0, 0, 0, 0, 0, 0] , d:[0.758584 ; 0, -0.313417, 0, 0.31157, 0, -0.685473, 0, -0.31157, 0, 0, 0, 0] , C:[0 ; 0, 0, 0, 0, 0, 0, 0, 0, 0, 0, 0, 0] ,v_coll[i]=0
[121]cost:[0 ; 0, 0, 0, 0, 0, 0, 0, 0, 0, 0, 0, 0] , d:[0.779251 ; 0, -0.307706, 0, 0.314166, 0, -0.691186, 0, -0.314166, 0, -5.15274e-07, -2.05826e-07, -8.22169e-08] , C:[0 ; 0, 0, 0, 0, 0, 0, 0, 0, 0, 0, 0, 0] ,v_coll[i]=0
[122]cost:[0 ; 0, 0, 0, 0, 0, 0, 0, 0, 0, 0, 0, 0] , d:[0.799917 ; 0, -0.301995, 0, 0.316762, 0, -0.696897, 0, -0.316762, 0, -3.66665e-06, -1.45263e-06, -5.75497e-07] , C:[0 ; 0, 0, 0, 0, 0, 0, 0, 0, 0, 0, 0, 0] ,v_coll[i]=0
[123]cost:[0 ; 0, 0, 0, 0, 0, 0, 0, 0, 0, 0, 0, 0] , d:[0.82059 ; 0, -0.29632, 0, 0.319401, 0, -0.702703, 0, -0.319401, 0, 0, 0, 0] , C:[0 ; 0, 0, 0, 0, 0, 0, 0, 0, 0, 0, 0, 0] ,v_coll[i]=0
[124]cost:[0 ; 0, 0, 0, 0, 0, 0, 0, 0, 0, 0, 0, 0] , d:[0.84126 ; 0, -0.290607, 0, 0.321998, 0, -0.708416, 0, -0.321998, 0, 0, 0, 0] , C:[0 ; 0, 0, 0, 0, 0, 0, 0, 0, 0, 0, 0, 0] ,v_coll[i]=0
[125]cost:[0 ; 0, 0, 0, 0, 0, 0, 0, 0, 0, 0, 0, 0] , d:[0.861933 ; 0, -0.284926, 0, 0.324632, 0, -0.714211, 0, -0.324632, 0, 0, 0, 0] , C:[0 ; 0, 0, 0, 0, 0, 0, 0, 0, 0, 0, 0, 0] ,v_coll[i]=0
[126]cost:[0 ; 0, 0, 0, 0, 0, 0, 0, 0, 0, 0, 0, 0] , d:[0.882605 ; 0, -0.279212, 0, 0.327229, 0, -0.719925, 0, -0.327229, 0, 0, 0, 0] , C:[0 ; 0, 0, 0, 0, 0, 0, 0, 0, 0, 0, 0, 0] ,v_coll[i]=0
[127]cost:[0 ; 0, 0, 0, 0, 0, 0, 0, 0, 0, 0, 0, 0] , d:[0.903279 ; 0, -0.273524, 0, 0.329856, 0, -0.725704, 0, -0.329856, 0, 0, 0, 0] , C:[0 ; 0, 0, 0, 0, 0, 0, 0, 0, 0, 0, 0, 0] ,v_coll[i]=0
[128]cost:[0 ; 0, 0, 0, 0, 0, 0, 0, 0, 0, 0, 0, 0] , d:[0.923953 ; 0, -0.267809, 0, 0.332453, 0, -0.731418, 0, -0.332453, 0, 0, 0, 0] , C:[0 ; 0, 0, 0, 0, 0, 0, 0, 0, 0, 0, 0, 0] ,v_coll[i]=0
[129]cost:[0 ; 0, 0, 0, 0, 0, 0, 0, 0, 0, 0, 0, 0] , d:[0.944627 ; 0, -0.262095, 0, 0.33505, 0, -0.737133, 0, -0.33505, 0, 0, 0, 0] , C:[0 ; 0, 0, 0, 0, 0, 0, 0, 0, 0, 0, 0, 0] ,v_coll[i]=0
[130]cost:[0 ; 0, 0, 0, 0, 0, 0, 0, 0, 0, 0, 0, 0] , d:[0.965303 ; 0, -0.256401, 0, 0.337674, 0, -0.742905, 0, -0.337674, 0, 0, 0, 0] , C:[0 ; 0, 0, 0, 0, 0, 0, 0, 0, 0, 0, 0, 0] ,v_coll[i]=0
[131]cost:[0 ; 0, 0, 0, 0, 0, 0, 0, 0, 0, 0, 0, 0] , d:[0.985979 ; 0, -0.250686, 0, 0.340272, 0, -0.74862, 0, -0.340272, 0, 0, 0, 0] , C:[0 ; 0, 0, 0, 0, 0, 0, 0, 0, 0, 0, 0, 0] ,v_coll[i]=0
[132]cost:[0 ; 0, 0, 0, 0, 0, 0, 0, 0, 0, 0, 0, 0] , d:[0.998439 ; 0, -1.21316, 0, -0.116448, 0, 0.256194, 0, 0.116448, 0, -1.88679, -0.690872, -0.252971] , C:[0 ; 0, 0, 0, 0, 0, 0, 0, 0, 0, 0, 0, 0] ,v_coll[i]=0
[133]cost:[0 ; 0, 0, 0, 0, 0, 0, 0, 0, 0, 0, 0, 0] , d:[0.99358 ; 0, -0.831997, 0, 0.0682133, 0, -0.150074, 0, -0.0682133, 0, -1.14856, -0.417395, -0.151685] , C:[0 ; 0, 0, 0, 0, 0, 0, 0, 0, 0, 0, 0, 0] ,v_coll[i]=0
[134]cost:[0 ; 0, 0, 0, 0, 0, 0, 0, 0, 0, 0, 0, 0] , d:[1.00049 ; 0, -0.432801, 0, 0.25627, 0, -0.56381, 0, -0.25627, 0, -0.383901, -0.138472, -0.0499463] , C:[0 ; 0, 0, 0, 0, 0, 0, 0, 0, 0, 0, 0, 0] ,v_coll[i]=0
[135]cost:[0 ; 0, 0, 0, 0, 0, 0, 0, 0, 0, 0, 0, 0] , d:[1.01919 ; 0, -0.0281696, 0, 0.441227, 0, -0.970728, 0, -0.441227, 0, 0.382548, 0.136962, 0.0490357] , C:[0 ; 0, 0, 0, 0, 0, 0, 0, 0, 0, 0, 0, 0] ,v_coll[i]=0
[136]cost:[0 ; 0, 0, 0, 0, 0, 0, 0, 0, 0, 0, 0, 0] , d:[1.04087 ; 0, -0.420438, 0, 0.262448, 0, -0.577403, 0, -0.262448, 0, -0.380081, -0.135078, -0.0480056] , C:[0 ; 0, 0, 0, 0, 0, 0, 0, 0, 0, 0, 0, 0] ,v_coll[i]=0
[137]cost:[0 ; 0, 0, 0, 0, 0, 0, 0, 0, 0, 0, 0, 0] , d:[1.06053 ; 0, 0.178953, -0.0380116, 0.535414, 0, -1.17794, -0.650948, -0.535414, 0, 0.754906, 0.266329, 0.0939604] , C:[0 ; 0, 0, 0, 0, 0, 0, 0, 0, 0, 0, 0, 0] ,v_coll[i]=0
[138]cost:[0 ; 0, 0, 0, 0, 0, 0, 0, 0, 0, 0, 0, 0] , d:[1.09297 ; 0, 0.569747, -0.0526094, 0.707866, 0, -1.55735, -1.03716, -0.707866, 0, 1.48304, 0.519423, 0.181924] , C:[0 ; 0, 0, 0, 0, 0, 0, 0, 0, 0, 0, 0, 0] ,v_coll[i]=0
[139]cost:[0 ; 0, 0, 0, 0, 0, 0, 0, 0, 0, 0, 0, 0] , d:[1.11097 ; 0, 1.16771, -0.0399781, 0.530764, 0, -1.16771, -0.926159, -0.530764, 0, 2.22205, 0.772655, 0.268669] , C:[0 ; 0, 0, 0, 0, 0, 0, 0, 0, 0, 0, 0, 0] ,v_coll[i]=0
[140]cost:[0 ; 0, 0, 0, 0, 0, 0, 0, 0, 0, 0, 0, 0] , d:[1.14494 ; 0, 1.53961, -0.0322852, 0.699803, 0, -1.53961, -0.903985, -0.699803, 0, 2.92459, 1.00968, 0.34858] , C:[0 ; 0, 0, 0, 0, 0, 0, 0, 0, 0, 0, 0, 0] ,v_coll[i]=0
[141]cost:[0 ; 0, 0, 0, 0, 0, 0, 0, 0, 0, 0, 0, 0] , d:[1.18853 ; 0, 2.04333, -0.0248367, 0.92876, 0, -2.04333, -0.875495, -0.92876, 0, 3.87472, 1.32821, 0.455298] , C:[0 ; 0, 0, 0, 0, 0, 0, 0, 0, 0, 0, 0, 0] ,v_coll[i]=0
[142]cost:[0 ; 0, 0, 0, 0, 0, 0, 0, 0, 0, 0, 0, 0] , d:[1.24266 ; 0, 2.3584, -0.0177894, 1.07197, 0, -2.3584, -0.84203, -1.07197, 0, 4.46456, 1.51963, 0.517244] , C:[0 ; 0, 0, 0, 0, 0, 0, 0, 0, 0, 0, 0, 0] ,v_coll[i]=0
[143]cost:[0 ; 0, 0, 0, 0, 0, 0, 0, 0, 0, 0, 0, 0] , d:[1.30522 ; 0, 2.64942, -0.0112737, 1.20424, 0, -2.64942, -0.806066, -1.20424, 0, 5.00707, 1.69236, 0.572011] , C:[0 ; 0, 0, 0, 0, 0, 0, 0, 0, 0, 0, 0, 0] ,v_coll[i]=0
[144]cost:[0 ; 0, 0, 0, 0, 0, 0, 0, 0, 0, 0, 0, 0] , d:[1.37495 ; 0, 3.01925, -0.00534045, 1.37234, 0, -3.01925, -0.769024, -1.37234, 0, 5.69658, 1.91205, 0.641775] , C:[0 ; 0, 0, 0, 0, 0, 0, 0, 0, 0, 0, 0, 0] ,v_coll[i]=0
Obs[[9 ; 0, 0, 0, 0, 0, 0, 0, 0, 1, 0, 0, 0]] : R[0]:[147.033 ; 0, -17.4113, 0, 7.50338, 0, 33.5976, 0, -7.0059, 0, -244.755, -384.328, -676.383]



[0]cost:0 , d:0.356743 , C:0 ,v_coll[i]=0
[1]cost:0 , d:0.335134 , C:0 ,v_coll[i]=0
[2]cost:0 , d:0.314432 , C:0 ,v_coll[i]=0
[3]cost:0 , d:0.29472 , C:0 ,v_coll[i]=0
[4]cost:0 , d:0.275915 , C:0 ,v_coll[i]=0
[5]cost:0 , d:0.25804 , C:0 ,v_coll[i]=0
[6]cost:0 , d:0.241205 , C:0 ,v_coll[i]=0
[7]cost:0 , d:0.225238 , C:0 ,v_coll[i]=0
[8]cost:0 , d:0.210198 , C:0 ,v_coll[i]=0
[9]cost:0 , d:0.196262 , C:0 ,v_coll[i]=0
[10]cost:0 , d:0.183149 , C:0 ,v_coll[i]=0
[11]cost:0 , d:0.170958 , C:0 ,v_coll[i]=0
[12]cost:0 , d:0.159688 , C:0 ,v_coll[i]=0
[13]cost:0 , d:0.149692 , C:0 ,v_coll[i]=0
[14]cost:0 , d:0.140379 , C:0 ,v_coll[i]=0
[15]cost:0 , d:0.131977 , C:0 ,v_coll[i]=0
[16]cost:0 , d:0.124485 , C:0 ,v_coll[i]=0
[17]cost:0 , d:0.117904 , C:0 ,v_coll[i]=0
[18]cost:0 , d:0.112233 , C:0 ,v_coll[i]=0
[19]cost:0 , d:0.107472 , C:0 ,v_coll[i]=0
[20]cost:0 , d:0.104511 , C:0 ,v_coll[i]=0
[21]cost:0 , d:0.101671 , C:0 ,v_coll[i]=0
[22]cost:100.291 , d:0.0997103 , C:10 ,v_coll[i]=1
[23]cost:101.389 , d:0.0986297 , C:10 ,v_coll[i]=1
[24]cost:101.596 , d:0.0984288 , C:10 ,v_coll[i]=1
[25]cost:100.9   , d:0.0991076 , C:10 ,v_coll[i]=1
[26]cost:0 , d:0.100666 , C:0 ,v_coll[i]=0
[27]cost:0 , d:0.103104 , C:0 ,v_coll[i]=0
[28]cost:0 , d:0.105601 , C:0 ,v_coll[i]=0
[29]cost:0 , d:0.109945 , C:0 ,v_coll[i]=0
[30]cost:0 , d:0.1152   , C:0 ,v_coll[i]=0
[31]cost:0 , d:0.121366 , C:0 ,v_coll[i]=0
[32]cost:0 , d:0.128442 , C:0 ,v_coll[i]=0
[33]cost:0 , d:0.136428 , C:0 ,v_coll[i]=0
[34]cost:0 , d:0.145325 , C:0 ,v_coll[i]=0
[35]cost:0 , d:0.154847 , C:0 ,v_coll[i]=0
[36]cost:0 , d:0.165696 , C:0 ,v_coll[i]=0
[37]cost:0 , d:0.177466 , C:0 ,v_coll[i]=0
[38]cost:0 , d:0.190158 , C:0 ,v_coll[i]=0
[39]cost:0 , d:0.203636 , C:0 ,v_coll[i]=0
[40]cost:0 , d:0.218253 , C:0 ,v_coll[i]=0
[41]cost:0 , d:0.233797 , C:0 ,v_coll[i]=0
[42]cost:0 , d:0.250267 , C:0 ,v_coll[i]=0
[43]cost:0 , d:0.267635 , C:0 ,v_coll[i]=0
[44]cost:0 , d:0.286015 , C:0 ,v_coll[i]=0
[45]cost:0 , d:0.305285 , C:0 ,v_coll[i]=0
[46]cost:0 , d:0.325562 , C:0 ,v_coll[i]=0
[47]cost:0 , d:0.34677  , C:0 ,v_coll[i]=0
[48]cost:0 , d:0.3689   , C:0 ,v_coll[i]=0
[49]cost:0 , d:0.391998 , C:0 ,v_coll[i]=0
[50]cost:0 , d:0.416021 , C:0 ,v_coll[i]=0
[51]cost:0 , d:0.441004 , C:0 ,v_coll[i]=0
[52]cost:0 , d:0.466916 , C:0 ,v_coll[i]=0
[53]cost:0 , d:0.493782 , C:0 ,v_coll[i]=0
[54]cost:0 , d:0.521579 , C:0 ,v_coll[i]=0
[55]cost:0 , d:0.550325 , C:0 ,v_coll[i]=0
[56]cost:0 , d:0.580007 , C:0 ,v_coll[i]=0
[57]cost:0 , d:0.610627 , C:0 ,v_coll[i]=0
[58]cost:0 , d:0.642194 , C:0 ,v_coll[i]=0
[59]cost:0 , d:0.674695 , C:0 ,v_coll[i]=0
[60]cost:0 , d:0.708135 , C:0 ,v_coll[i]=0
[61]cost:0 , d:0.742519 , C:0 ,v_coll[i]=0
[62]cost:0 , d:0.777838 , C:0 ,v_coll[i]=0
[63]cost:0 , d:0.814096 , C:0 ,v_coll[i]=0
[64]cost:0 , d:0.875714 , C:0 ,v_coll[i]=0
[65]cost:0 , d:0.875714 , C:0 ,v_coll[i]=0
[66]cost:0 , d:0.872889 , C:0 ,v_coll[i]=0
[67]cost:0 , d:0.832884 , C:0 ,v_coll[i]=0
[68]cost:0 , d:0.791948 , C:0 ,v_coll[i]=0
[69]cost:0 , d:0.750079 , C:0 ,v_coll[i]=0
[70]cost:0 , d:0.707287 , C:0 ,v_coll[i]=0
[71]cost:0 , d:0.663563 , C:0 ,v_coll[i]=0
[72]cost:0 , d:0.618911 , C:0 ,v_coll[i]=0
[73]cost:0 , d:0.573336 , C:0 ,v_coll[i]=0
[74]cost:0 , d:0.526841 , C:0 ,v_coll[i]=0
[75]cost:0 , d:0.479431 , C:0 ,v_coll[i]=0
[76]cost:0 , d:0.431113 , C:0 ,v_coll[i]=0
[77]cost:0 , d:0.381899 , C:0 ,v_coll[i]=0
[78]cost:0 , d:0.331811 , C:0 ,v_coll[i]=0
[79]cost:0 , d:0.280883 , C:0 ,v_coll[i]=0
[80]cost:0 , d:0.229186 , C:0 ,v_coll[i]=0
[81]cost:0 , d:0.176886 , C:0 ,v_coll[i]=0
[82]cost:0 , d:0.124476 , C:0 ,v_coll[i]=0
[83]cost:134.472 , d:0.074365 , C:10 ,v_coll[i]=1
[84]cost:230.94 , d:0.0433013 , C:10 ,v_coll[i]=1
[85]cost:230.94 , d:0.0433013 , C:10 ,v_coll[i]=1
[86]cost:150.323 , d:0.0665236 , C:10 ,v_coll[i]=1
[87]cost:120.604 , d:0.0829158 , C:10 ,v_coll[i]=1
[88]cost:100.697 , d:0.0993079 , C:10 ,v_coll[i]=1
[89]cost:0 , d:0.121803 , C:0 ,v_coll[i]=0
[90]cost:0 , d:0.141246 , C:0 ,v_coll[i]=0
[91]cost:0 , d:0.161766 , C:0 ,v_coll[i]=0
[92]cost:0 , d:0.18189 , C:0 ,v_coll[i]=0
[93]cost:0 , d:0.202013 , C:0 ,v_coll[i]=0
[94]cost:0 , d:0.222669 , C:0 ,v_coll[i]=0
[95]cost:0 , d:0.243038 , C:0 ,v_coll[i]=0
[96]cost:0 , d:0.263608 , C:0 ,v_coll[i]=0
[97]cost:0 , d:0.284092 , C:0 ,v_coll[i]=0
[98]cost:0 , d:0.304659 , C:0 ,v_coll[i]=0
[99]cost:0 , d:0.325205 , C:0 ,v_coll[i]=0
[100]cost:0 , d:0.345752 , C:0 ,v_coll[i]=0
[101]cost:0 , d:0.366371 , C:0 ,v_coll[i]=0
[102]cost:0 , d:0.386956 , C:0 ,v_coll[i]=0
[103]cost:0 , d:0.407577 , C:0 ,v_coll[i]=0
[104]cost:0 , d:0.428186 , C:0 ,v_coll[i]=0
[105]cost:0 , d:0.448795 , C:0 ,v_coll[i]=0
[106]cost:0 , d:0.469439 , C:0 ,v_coll[i]=0
[107]cost:0 , d:0.490065 , C:0 ,v_coll[i]=0
[108]cost:0 , d:0.510711 , C:0 ,v_coll[i]=0
[109]cost:0 , d:0.531349 , C:0 ,v_coll[i]=0
[110]cost:0 , d:0.551998 , C:0 ,v_coll[i]=0
[111]cost:0 , d:0.572645 , C:0 ,v_coll[i]=0
[112]cost:0 , d:0.593292 , C:0 ,v_coll[i]=0
[113]cost:0 , d:0.613951 , C:0 ,v_coll[i]=0
[114]cost:0 , d:0.634605 , C:0 ,v_coll[i]=0
[115]cost:0 , d:0.655266 , C:0 ,v_coll[i]=0
[116]cost:0 , d:0.675925 , C:0 ,v_coll[i]=0
[117]cost:0 , d:0.696585 , C:0 ,v_coll[i]=0
[118]cost:0 , d:0.717252 , C:0 ,v_coll[i]=0
[119]cost:0 , d:0.737915 , C:0 ,v_coll[i]=0
[120]cost:0 , d:0.758584 , C:0 ,v_coll[i]=0
[121]cost:0 , d:0.779251 , C:0 ,v_coll[i]=0
[122]cost:0 , d:0.799917 , C:0 ,v_coll[i]=0
[123]cost:0 , d:0.82059 , C:0 ,v_coll[i]=0
[124]cost:0 , d:0.84126 , C:0 ,v_coll[i]=0
[125]cost:0 , d:0.861933 , C:0 ,v_coll[i]=0
[126]cost:0 , d:0.882605 , C:0 ,v_coll[i]=0
[127]cost:0 , d:0.903279 , C:0 ,v_coll[i]=0
[128]cost:0 , d:0.923953 , C:0 ,v_coll[i]=0
[129]cost:0 , d:0.944627 , C:0 ,v_coll[i]=0
[130]cost:0 , d:0.965303 , C:0 ,v_coll[i]=0
[131]cost:0 , d:0.985458 , C:0 ,v_coll[i]=0
[132]cost:0 , d:0.981811 , C:0 ,v_coll[i]=0
[133]cost:0 , d:0.984485 , C:0 ,v_coll[i]=0
[134]cost:0 , d:0.998039 , C:0 ,v_coll[i]=0
[135]cost:0 , d:1.02117 , C:0 ,v_coll[i]=0
[136]cost:0 , d:1.03939 , C:0 ,v_coll[i]=0
[137]cost:0 , d:1.06448 , C:0 ,v_coll[i]=0
[138]cost:0 , d:1.09874 , C:0 ,v_coll[i]=0
[139]cost:0 , d:1.11891 , C:0 ,v_coll[i]=0
[140]cost:0 , d:1.15395 , C:0 ,v_coll[i]=0
[141]cost:0 , d:1.19816 , C:0 ,v_coll[i]=0
[142]cost:0 , d:1.25079 , C:0 ,v_coll[i]=0
[143]cost:0 , d:1.31107 , C:0 ,v_coll[i]=0
[144]cost:0 , d:1.37794 , C:0 ,v_coll[i]=0
Obs[9] : R[0]:11.3557